202599
5_o_Clock_Shadow Arched_Eyebrows Attractive Bags_Under_Eyes Bald Bangs Big_Lips Big_Nose Black_Hair Blond_Hair Blurry Brown_Hair Bushy_Eyebrows Chubby Double_Chin Eyeglasses Goatee Gray_Hair Heavy_Makeup High_Cheekbones Male Mouth_Slightly_Open Mustache Narrow_Eyes No_Beard Oval_Face Pale_Skin Pointy_Nose Receding_Hairline Rosy_Cheeks Sideburns Smiling Straight_Hair Wavy_Hair Wearing_Earrings Wearing_Hat Wearing_Lipstick Wearing_Necklace Wearing_Necktie Young 
001.jpg -1  -1  -1 -1 -1 -1 -1 -1 1 -1 -1  -1 -1 -1 -1 1 -1 -1  -1  -1 -1  -1 -1 -1  1 -1 -1  -1 -1 -1 -1  -1  -1 1  -1 -1  -1 -1 -1  -1
002.jpg -1  -1  -1 -1 -1 -1 -1 -1 1 -1 -1  -1 -1 -1 -1 1 -1 -1  -1  -1 -1  -1 -1 -1  1 -1 -1  -1 -1 -1 -1  -1  -1 1  -1 -1  -1 -1 -1  -1
003.jpg -1  -1  -1 -1 -1 -1 -1 -1 1 -1 -1  -1 -1 -1 -1 1 -1 -1  -1  -1 -1  -1 -1 -1  1 -1 -1  -1 -1 -1 -1  -1  -1 1  -1 -1  -1 -1 -1  -1
004.jpg -1  -1  -1 -1 -1 -1 -1 -1 1 -1 -1  -1 -1 -1 -1 1 -1 -1  -1  -1 -1  -1 -1 -1  1 -1 -1  -1 -1 -1 -1  -1  -1 1  -1 -1  -1 -1 -1  -1
005.jpg -1  -1  -1 -1 -1 -1 -1 -1 1 -1 -1  -1 -1 -1 -1 1 -1 -1  -1  -1 -1  -1 -1 -1  1 -1 -1  -1 -1 -1 -1  -1  -1 1  -1 -1  -1 -1 -1  -1
006.jpg -1  -1  -1 -1 -1 -1 -1 -1 1 -1 -1  -1 -1 -1 -1 1 -1 -1  -1  -1 -1  -1 -1 -1  1 -1 -1  -1 -1 -1 -1  -1  -1 1  -1 -1  -1 -1 -1  -1
007.jpg -1  -1  -1 -1 -1 -1 -1 -1 1 -1 -1  -1 -1 -1 -1 1 -1 -1  -1  -1 -1  -1 -1 -1  1 -1 -1  -1 -1 -1 -1  -1  -1 1  -1 -1  -1 -1 -1  -1
008.jpg -1  -1  -1 -1 -1 -1 -1 -1 1 -1 -1  -1 -1 -1 -1 1 -1 -1  -1  -1 -1  -1 -1 -1  1 -1 -1  -1 -1 -1 -1  -1  -1 1  -1 -1  -1 -1 -1  -1
009.jpg -1  -1  -1 -1 -1 -1 -1 -1 1 -1 -1  -1 -1 -1 -1 1 -1 -1  -1  -1 -1  -1 -1 -1  1 -1 -1  -1 -1 -1 -1  -1  -1 1  -1 -1  -1 -1 -1  -1
010.jpg -1  -1  -1 -1 -1 -1 -1 -1 1 -1 -1  -1 -1 -1 -1 1 -1 -1  -1  -1 -1  -1 -1 -1  1 -1 -1  -1 -1 -1 -1  -1  -1 1  -1 -1  -1 -1 -1  -1
011.jpg -1  -1  -1 -1 -1 -1 -1 -1 1 -1 -1  -1 -1 -1 -1 1 -1 -1  -1  -1 -1  -1 -1 -1  1 -1 -1  -1 -1 -1 -1  -1  -1 1  -1 -1  -1 -1 -1  -1
012.jpg -1  -1  -1 -1 -1 -1 -1 -1 1 -1 -1  -1 -1 -1 -1 1 -1 -1  -1  -1 -1  -1 -1 -1  1 -1 -1  -1 -1 -1 -1  -1  -1 1  -1 -1  -1 -1 -1  -1
013.jpg -1  -1  -1 -1 -1 -1 -1 -1 1 -1 -1  -1 -1 -1 -1 1 -1 -1  -1  -1 -1  -1 -1 -1  1 -1 -1  -1 -1 -1 -1  -1  -1 1  -1 -1  -1 -1 -1  -1
014.jpg -1  -1  -1 -1 -1 -1 -1 -1 1 -1 -1  -1 -1 -1 -1 1 -1 -1  -1  -1 -1  -1 -1 -1  1 -1 -1  -1 -1 -1 -1  -1  -1 1  -1 -1  -1 -1 -1  -1
015.jpg -1  -1  -1 -1 -1 -1 -1 -1 1 -1 -1  -1 -1 -1 -1 1 -1 -1  -1  -1 -1  -1 -1 -1  1 -1 -1  -1 -1 -1 -1  -1  -1 1  -1 -1  -1 -1 -1  -1
016.jpg -1  -1  -1 -1 -1 -1 -1 -1 1 -1 -1  -1 -1 -1 -1 1 -1 -1  -1  -1 -1  -1 -1 -1  1 -1 -1  -1 -1 -1 -1  -1  -1 1  -1 -1  -1 -1 -1  -1
017.jpg -1  -1  -1 -1 -1 -1 -1 -1 1 -1 -1  -1 -1 -1 -1 1 -1 -1  -1  -1 -1  -1 -1 -1  1 -1 -1  -1 -1 -1 -1  -1  -1 1  -1 -1  -1 -1 -1  -1
018.jpg -1  -1  -1 -1 -1 -1 -1 -1 1 -1 -1  -1 -1 -1 -1 1 -1 -1  -1  -1 -1  -1 -1 -1  1 -1 -1  -1 -1 -1 -1  -1  -1 1  -1 -1  -1 -1 -1  -1
019.jpg -1  -1  -1 -1 -1 -1 -1 -1 1 -1 -1  -1 -1 -1 -1 1 -1 -1  -1  -1 -1  -1 -1 -1  1 -1 -1  -1 -1 -1 -1  -1  -1 1  -1 -1  -1 -1 -1  -1
020.jpg -1  -1  -1 -1 -1 -1 -1 -1 1 -1 -1  -1 -1 -1 -1 1 -1 -1  -1  -1 -1  -1 -1 -1  1 -1 -1  -1 -1 -1 -1  -1  -1 1  -1 -1  -1 -1 -1  -1
021.jpg -1  -1  -1 -1 -1 -1 -1 -1 1 -1 -1  -1 -1 -1 -1 1 -1 -1  -1  -1 -1  -1 -1 -1  1 -1 -1  -1 -1 -1 -1  -1  -1 1  -1 -1  -1 -1 -1  -1
022.jpg -1  -1  -1 -1 -1 -1 -1 -1 1 -1 -1  -1 -1 -1 -1 1 -1 -1  -1  -1 -1  -1 -1 -1  1 -1 -1  -1 -1 -1 -1  -1  -1 1  -1 -1  -1 -1 -1  -1
023.jpg -1  -1  -1 -1 -1 -1 -1 -1 1 -1 -1  -1 -1 -1 -1 1 -1 -1  -1  -1 -1  -1 -1 -1  1 -1 -1  -1 -1 -1 -1  -1  -1 1  -1 -1  -1 -1 -1  -1
024.jpg -1  -1  -1 -1 -1 -1 -1 -1 1 -1 -1  -1 -1 -1 -1 1 -1 -1  -1  -1 -1  -1 -1 -1  1 -1 -1  -1 -1 -1 -1  -1  -1 1  -1 -1  -1 -1 -1  -1
025.jpg -1  -1  -1 -1 -1 -1 -1 -1 1 -1 -1  -1 -1 -1 -1 1 -1 -1  -1  -1 -1  -1 -1 -1  1 -1 -1  -1 -1 -1 -1  -1  -1 1  -1 -1  -1 -1 -1  -1
026.jpg -1  -1  -1 -1 -1 -1 -1 -1 1 -1 -1  -1 -1 -1 -1 1 -1 -1  -1  -1 -1  -1 -1 -1  1 -1 -1  -1 -1 -1 -1  -1  -1 1  -1 -1  -1 -1 -1  -1
027.jpg -1  -1  -1 -1 -1 -1 -1 -1 1 -1 -1  -1 -1 -1 -1 1 -1 -1  -1  -1 -1  -1 -1 -1  1 -1 -1  -1 -1 -1 -1  -1  -1 1  -1 -1  -1 -1 -1  -1
028.jpg -1  -1  -1 -1 -1 -1 -1 -1 1 -1 -1  -1 -1 -1 -1 1 -1 -1  -1  -1 -1  -1 -1 -1  1 -1 -1  -1 -1 -1 -1  -1  -1 1  -1 -1  -1 -1 -1  -1
029.jpg -1  -1  -1 -1 -1 -1 -1 -1 1 -1 -1  -1 -1 -1 -1 1 -1 -1  -1  -1 -1  -1 -1 -1  1 -1 -1  -1 -1 -1 -1  -1  -1 1  -1 -1  -1 -1 -1  -1
030.jpg -1  -1  -1 -1 -1 -1 -1 -1 1 -1 -1  -1 -1 -1 -1 1 -1 -1  -1  -1 -1  -1 -1 -1  1 -1 -1  -1 -1 -1 -1  -1  -1 1  -1 -1  -1 -1 -1  -1
031.jpg -1  -1  -1 -1 -1 -1 -1 -1 1 -1 -1  -1 -1 -1 -1 1 -1 -1  -1  -1 -1  -1 -1 -1  1 -1 -1  -1 -1 -1 -1  -1  -1 1  -1 -1  -1 -1 -1  -1
032.jpg -1  -1  -1 -1 -1 -1 -1 -1 1 -1 -1  -1 -1 -1 -1 1 -1 -1  -1  -1 -1  -1 -1 -1  1 -1 -1  -1 -1 -1 -1  -1  -1 1  -1 -1  -1 -1 -1  -1
033.jpg -1  -1  -1 -1 -1 -1 -1 -1 1 -1 -1  -1 -1 -1 -1 1 -1 -1  -1  -1 -1  -1 -1 -1  1 -1 -1  -1 -1 -1 -1  -1  -1 1  -1 -1  -1 -1 -1  -1
034.jpg -1  -1  -1 -1 -1 -1 -1 -1 1 -1 -1  -1 -1 -1 -1 1 -1 -1  -1  -1 -1  -1 -1 -1  1 -1 -1  -1 -1 -1 -1  -1  -1 1  -1 -1  -1 -1 -1  -1
035.jpg -1  -1  -1 -1 -1 -1 -1 -1 1 -1 -1  -1 -1 -1 -1 1 -1 -1  -1  -1 -1  -1 -1 -1  1 -1 -1  -1 -1 -1 -1  -1  -1 1  -1 -1  -1 -1 -1  -1
036.jpg -1  -1  -1 -1 -1 -1 -1 -1 1 -1 -1  -1 -1 -1 -1 1 -1 -1  -1  -1 -1  -1 -1 -1  1 -1 -1  -1 -1 -1 -1  -1  -1 1  -1 -1  -1 -1 -1  -1
037.jpg -1  -1  -1 -1 -1 -1 -1 -1 1 -1 -1  -1 -1 -1 -1 1 -1 -1  -1  -1 -1  -1 -1 -1  1 -1 -1  -1 -1 -1 -1  -1  -1 1  -1 -1  -1 -1 -1  -1
038.jpg -1  -1  -1 -1 -1 -1 -1 -1 1 -1 -1  -1 -1 -1 -1 1 -1 -1  -1  -1 -1  -1 -1 -1  1 -1 -1  -1 -1 -1 -1  -1  -1 1  -1 -1  -1 -1 -1  -1
039.jpg -1  -1  -1 -1 -1 -1 -1 -1 1 -1 -1  -1 -1 -1 -1 1 -1 -1  -1  -1 -1  -1 -1 -1  1 -1 -1  -1 -1 -1 -1  -1  -1 1  -1 -1  -1 -1 -1  -1
040.jpg -1  -1  -1 -1 -1 -1 -1 -1 1 -1 -1  -1 -1 -1 -1 1 -1 -1  -1  -1 -1  -1 -1 -1  1 -1 -1  -1 -1 -1 -1  -1  -1 1  -1 -1  -1 -1 -1  -1
041.jpg -1  -1  -1 -1 -1 -1 -1 -1 1 -1 -1  -1 -1 -1 -1 1 -1 -1  -1  -1 -1  -1 -1 -1  1 -1 -1  -1 -1 -1 -1  -1  -1 1  -1 -1  -1 -1 -1  -1
042.jpg -1  -1  -1 -1 -1 -1 -1 -1 1 -1 -1  -1 -1 -1 -1 1 -1 -1  -1  -1 -1  -1 -1 -1  1 -1 -1  -1 -1 -1 -1  -1  -1 1  -1 -1  -1 -1 -1  -1
043.jpg -1  -1  -1 -1 -1 -1 -1 -1 1 -1 -1  -1 -1 -1 -1 1 -1 -1  -1  -1 -1  -1 -1 -1  1 -1 -1  -1 -1 -1 -1  -1  -1 1  -1 -1  -1 -1 -1  -1
044.jpg -1  -1  -1 -1 -1 -1 -1 -1 1 -1 -1  -1 -1 -1 -1 1 -1 -1  -1  -1 -1  -1 -1 -1  1 -1 -1  -1 -1 -1 -1  -1  -1 1  -1 -1  -1 -1 -1  -1
045.jpg -1  -1  -1 -1 -1 -1 -1 -1 1 -1 -1  -1 -1 -1 -1 1 -1 -1  -1  -1 -1  -1 -1 -1  1 -1 -1  -1 -1 -1 -1  -1  -1 1  -1 -1  -1 -1 -1  -1
046.jpg -1  -1  -1 -1 -1 -1 -1 -1 1 -1 -1  -1 -1 -1 -1 1 -1 -1  -1  -1 -1  -1 -1 -1  1 -1 -1  -1 -1 -1 -1  -1  -1 1  -1 -1  -1 -1 -1  -1
047.jpg -1  -1  -1 -1 -1 -1 -1 -1 1 -1 -1  -1 -1 -1 -1 1 -1 -1  -1  -1 -1  -1 -1 -1  1 -1 -1  -1 -1 -1 -1  -1  -1 1  -1 -1  -1 -1 -1  -1
048.jpg -1  -1  -1 -1 -1 -1 -1 -1 1 -1 -1  -1 -1 -1 -1 1 -1 -1  -1  -1 -1  -1 -1 -1  1 -1 -1  -1 -1 -1 -1  -1  -1 1  -1 -1  -1 -1 -1  -1
049.jpg -1  -1  -1 -1 -1 -1 -1 -1 1 -1 -1  -1 -1 -1 -1 1 -1 -1  -1  -1 -1  -1 -1 -1  1 -1 -1  -1 -1 -1 -1  -1  -1 1  -1 -1  -1 -1 -1  -1
050.jpg -1  -1  -1 -1 -1 -1 -1 -1 1 -1 -1  -1 -1 -1 -1 1 -1 -1  -1  -1 -1  -1 -1 -1  1 -1 -1  -1 -1 -1 -1  -1  -1 1  -1 -1  -1 -1 -1  -1
051.jpg -1  -1  -1 -1 -1 -1 -1 -1 1 -1 -1  -1 -1 -1 -1 1 -1 -1  -1  -1 -1  -1 -1 -1  1 -1 -1  -1 -1 -1 -1  -1  -1 1  -1 -1  -1 -1 -1  -1
052.jpg -1  -1  -1 -1 -1 -1 -1 -1 1 -1 -1  -1 -1 -1 -1 1 -1 -1  -1  -1 -1  -1 -1 -1  1 -1 -1  -1 -1 -1 -1  -1  -1 1  -1 -1  -1 -1 -1  -1
053.jpg -1  -1  -1 -1 -1 -1 -1 -1 1 -1 -1  -1 -1 -1 -1 1 -1 -1  -1  -1 -1  -1 -1 -1  1 -1 -1  -1 -1 -1 -1  -1  -1 1  -1 -1  -1 -1 -1  -1
054.jpg -1  -1  -1 -1 -1 -1 -1 -1 1 -1 -1  -1 -1 -1 -1 1 -1 -1  -1  -1 -1  -1 -1 -1  1 -1 -1  -1 -1 -1 -1  -1  -1 1  -1 -1  -1 -1 -1  -1
055.jpg -1  -1  -1 -1 -1 -1 -1 -1 1 -1 -1  -1 -1 -1 -1 1 -1 -1  -1  -1 -1  -1 -1 -1  1 -1 -1  -1 -1 -1 -1  -1  -1 1  -1 -1  -1 -1 -1  -1
056.jpg -1  -1  -1 -1 -1 -1 -1 -1 1 -1 -1  -1 -1 -1 -1 1 -1 -1  -1  -1 -1  -1 -1 -1  1 -1 -1  -1 -1 -1 -1  -1  -1 1  -1 -1  -1 -1 -1  -1
057.jpg -1  -1  -1 -1 -1 -1 -1 -1 1 -1 -1  -1 -1 -1 -1 1 -1 -1  -1  -1 -1  -1 -1 -1  1 -1 -1  -1 -1 -1 -1  -1  -1 1  -1 -1  -1 -1 -1  -1
058.jpg -1  -1  -1 -1 -1 -1 -1 -1 1 -1 -1  -1 -1 -1 -1 1 -1 -1  -1  -1 -1  -1 -1 -1  1 -1 -1  -1 -1 -1 -1  -1  -1 1  -1 -1  -1 -1 -1  -1
059.jpg -1  -1  -1 -1 -1 -1 -1 -1 1 -1 -1  -1 -1 -1 -1 1 -1 -1  -1  -1 -1  -1 -1 -1  1 -1 -1  -1 -1 -1 -1  -1  -1 1  -1 -1  -1 -1 -1  -1
060.jpg -1  -1  -1 -1 -1 -1 -1 -1 1 -1 -1  -1 -1 -1 -1 1 -1 -1  -1  -1 -1  -1 -1 -1  1 -1 -1  -1 -1 -1 -1  -1  -1 1  -1 -1  -1 -1 -1  -1
061.jpg -1  -1  -1 -1 -1 -1 -1 -1 1 -1 -1  -1 -1 -1 -1 1 -1 -1  -1  -1 -1  -1 -1 -1  1 -1 -1  -1 -1 -1 -1  -1  -1 1  -1 -1  -1 -1 -1  -1
062.jpg -1  -1  -1 -1 -1 -1 -1 -1 1 -1 -1  -1 -1 -1 -1 1 -1 -1  -1  -1 -1  -1 -1 -1  1 -1 -1  -1 -1 -1 -1  -1  -1 1  -1 -1  -1 -1 -1  -1
063.jpg -1  -1  -1 -1 -1 -1 -1 -1 1 -1 -1  -1 -1 -1 -1 1 -1 -1  -1  -1 -1  -1 -1 -1  1 -1 -1  -1 -1 -1 -1  -1  -1 1  -1 -1  -1 -1 -1  -1
064.jpg -1  -1  -1 -1 -1 -1 -1 -1 1 -1 -1  -1 -1 -1 -1 1 -1 -1  -1  -1 -1  -1 -1 -1  1 -1 -1  -1 -1 -1 -1  -1  -1 1  -1 -1  -1 -1 -1  -1
065.jpg -1  -1  -1 -1 -1 -1 -1 -1 1 -1 -1  -1 -1 -1 -1 1 -1 -1  -1  -1 -1  -1 -1 -1  1 -1 -1  -1 -1 -1 -1  -1  -1 1  -1 -1  -1 -1 -1  -1
066.jpg -1  -1  -1 -1 -1 -1 -1 -1 1 -1 -1  -1 -1 -1 -1 1 -1 -1  -1  -1 -1  -1 -1 -1  1 -1 -1  -1 -1 -1 -1  -1  -1 1  -1 -1  -1 -1 -1  -1
067.jpg -1  -1  -1 -1 -1 -1 -1 -1 1 -1 -1  -1 -1 -1 -1 1 -1 -1  -1  -1 -1  -1 -1 -1  1 -1 -1  -1 -1 -1 -1  -1  -1 1  -1 -1  -1 -1 -1  -1
068.jpg -1  -1  -1 -1 -1 -1 -1 -1 1 -1 -1  -1 -1 -1 -1 1 -1 -1  -1  -1 -1  -1 -1 -1  1 -1 -1  -1 -1 -1 -1  -1  -1 1  -1 -1  -1 -1 -1  -1
069.jpg -1  -1  -1 -1 -1 -1 -1 -1 1 -1 -1  -1 -1 -1 -1 1 -1 -1  -1  -1 -1  -1 -1 -1  1 -1 -1  -1 -1 -1 -1  -1  -1 1  -1 -1  -1 -1 -1  -1
070.jpg -1  -1  -1 -1 -1 -1 -1 -1 1 -1 -1  -1 -1 -1 -1 1 -1 -1  -1  -1 -1  -1 -1 -1  1 -1 -1  -1 -1 -1 -1  -1  -1 1  -1 -1  -1 -1 -1  -1
071.jpg -1  -1  -1 -1 -1 -1 -1 -1 1 -1 -1  -1 -1 -1 -1 1 -1 -1  -1  -1 -1  -1 -1 -1  1 -1 -1  -1 -1 -1 -1  -1  -1 1  -1 -1  -1 -1 -1  -1
072.jpg -1  -1  -1 -1 -1 -1 -1 -1 1 -1 -1  -1 -1 -1 -1 1 -1 -1  -1  -1 -1  -1 -1 -1  1 -1 -1  -1 -1 -1 -1  -1  -1 1  -1 -1  -1 -1 -1  -1
073.jpg -1  -1  -1 -1 -1 -1 -1 -1 1 -1 -1  -1 -1 -1 -1 1 -1 -1  -1  -1 -1  -1 -1 -1  1 -1 -1  -1 -1 -1 -1  -1  -1 1  -1 -1  -1 -1 -1  -1
074.jpg -1  -1  -1 -1 -1 -1 -1 -1 1 -1 -1  -1 -1 -1 -1 1 -1 -1  -1  -1 -1  -1 -1 -1  1 -1 -1  -1 -1 -1 -1  -1  -1 1  -1 -1  -1 -1 -1  -1
075.jpg -1  -1  -1 -1 -1 -1 -1 -1 1 -1 -1  -1 -1 -1 -1 1 -1 -1  -1  -1 -1  -1 -1 -1  1 -1 -1  -1 -1 -1 -1  -1  -1 1  -1 -1  -1 -1 -1  -1
076.jpg -1  -1  -1 -1 -1 -1 -1 -1 1 -1 -1  -1 -1 -1 -1 1 -1 -1  -1  -1 -1  -1 -1 -1  1 -1 -1  -1 -1 -1 -1  -1  -1 1  -1 -1  -1 -1 -1  -1
077.jpg -1  -1  -1 -1 -1 -1 -1 -1 1 -1 -1  -1 -1 -1 -1 1 -1 -1  -1  -1 -1  -1 -1 -1  1 -1 -1  -1 -1 -1 -1  -1  -1 1  -1 -1  -1 -1 -1  -1
078.jpg -1  -1  -1 -1 -1 -1 -1 -1 1 -1 -1  -1 -1 -1 -1 1 -1 -1  -1  -1 -1  -1 -1 -1  1 -1 -1  -1 -1 -1 -1  -1  -1 1  -1 -1  -1 -1 -1  -1
079.jpg -1  -1  -1 -1 -1 -1 -1 -1 1 -1 -1  -1 -1 -1 -1 1 -1 -1  -1  -1 -1  -1 -1 -1  1 -1 -1  -1 -1 -1 -1  -1  -1 1  -1 -1  -1 -1 -1  -1
080.jpg -1  -1  -1 -1 -1 -1 -1 -1 1 -1 -1  -1 -1 -1 -1 1 -1 -1  -1  -1 -1  -1 -1 -1  1 -1 -1  -1 -1 -1 -1  -1  -1 1  -1 -1  -1 -1 -1  -1
081.jpg -1  -1  -1 -1 -1 -1 -1 -1 1 -1 -1  -1 -1 -1 -1 1 -1 -1  -1  -1 -1  -1 -1 -1  1 -1 -1  -1 -1 -1 -1  -1  -1 1  -1 -1  -1 -1 -1  -1
082.jpg -1  -1  -1 -1 -1 -1 -1 -1 1 -1 -1  -1 -1 -1 -1 1 -1 -1  -1  -1 -1  -1 -1 -1  1 -1 -1  -1 -1 -1 -1  -1  -1 1  -1 -1  -1 -1 -1  -1
083.jpg -1  -1  -1 -1 -1 -1 -1 -1 1 -1 -1  -1 -1 -1 -1 1 -1 -1  -1  -1 -1  -1 -1 -1  1 -1 -1  -1 -1 -1 -1  -1  -1 1  -1 -1  -1 -1 -1  -1
084.jpg -1  -1  -1 -1 -1 -1 -1 -1 1 -1 -1  -1 -1 -1 -1 1 -1 -1  -1  -1 -1  -1 -1 -1  1 -1 -1  -1 -1 -1 -1  -1  -1 1  -1 -1  -1 -1 -1  -1
085.jpg -1  -1  -1 -1 -1 -1 -1 -1 1 -1 -1  -1 -1 -1 -1 1 -1 -1  -1  -1 -1  -1 -1 -1  1 -1 -1  -1 -1 -1 -1  -1  -1 1  -1 -1  -1 -1 -1  -1
086.jpg -1  -1  -1 -1 -1 -1 -1 -1 1 -1 -1  -1 -1 -1 -1 1 -1 -1  -1  -1 -1  -1 -1 -1  1 -1 -1  -1 -1 -1 -1  -1  -1 1  -1 -1  -1 -1 -1  -1
087.jpg -1  -1  -1 -1 -1 -1 -1 -1 1 -1 -1  -1 -1 -1 -1 1 -1 -1  -1  -1 -1  -1 -1 -1  1 -1 -1  -1 -1 -1 -1  -1  -1 1  -1 -1  -1 -1 -1  -1
088.jpg -1  -1  -1 -1 -1 -1 -1 -1 1 -1 -1  -1 -1 -1 -1 1 -1 -1  -1  -1 -1  -1 -1 -1  1 -1 -1  -1 -1 -1 -1  -1  -1 1  -1 -1  -1 -1 -1  -1
089.jpg -1  -1  -1 -1 -1 -1 -1 -1 1 -1 -1  -1 -1 -1 -1 1 -1 -1  -1  -1 -1  -1 -1 -1  1 -1 -1  -1 -1 -1 -1  -1  -1 1  -1 -1  -1 -1 -1  -1
090.jpg -1  -1  -1 -1 -1 -1 -1 -1 1 -1 -1  -1 -1 -1 -1 1 -1 -1  -1  -1 -1  -1 -1 -1  1 -1 -1  -1 -1 -1 -1  -1  -1 1  -1 -1  -1 -1 -1  -1
091.jpg -1  -1  -1 -1 -1 -1 -1 -1 1 -1 -1  -1 -1 -1 -1 1 -1 -1  -1  -1 -1  -1 -1 -1  1 -1 -1  -1 -1 -1 -1  -1  -1 1  -1 -1  -1 -1 -1  -1
092.jpg -1  -1  -1 -1 -1 -1 -1 -1 1 -1 -1  -1 -1 -1 -1 1 -1 -1  -1  -1 -1  -1 -1 -1  1 -1 -1  -1 -1 -1 -1  -1  -1 1  -1 -1  -1 -1 -1  -1
093.jpg -1  -1  -1 -1 -1 -1 -1 -1 1 -1 -1  -1 -1 -1 -1 1 -1 -1  -1  -1 -1  -1 -1 -1  1 -1 -1  -1 -1 -1 -1  -1  -1 1  -1 -1  -1 -1 -1  -1
094.jpg -1  -1  -1 -1 -1 -1 -1 -1 1 -1 -1  -1 -1 -1 -1 1 -1 -1  -1  -1 -1  -1 -1 -1  1 -1 -1  -1 -1 -1 -1  -1  -1 1  -1 -1  -1 -1 -1  -1
095.jpg -1  -1  -1 -1 -1 -1 -1 -1 1 -1 -1  -1 -1 -1 -1 1 -1 -1  -1  -1 -1  -1 -1 -1  1 -1 -1  -1 -1 -1 -1  -1  -1 1  -1 -1  -1 -1 -1  -1
096.jpg -1  -1  -1 -1 -1 -1 -1 -1 1 -1 -1  -1 -1 -1 -1 1 -1 -1  -1  -1 -1  -1 -1 -1  1 -1 -1  -1 -1 -1 -1  -1  -1 1  -1 -1  -1 -1 -1  -1
097.jpg -1  -1  -1 -1 -1 -1 -1 -1 1 -1 -1  -1 -1 -1 -1 1 -1 -1  -1  -1 -1  -1 -1 -1  1 -1 -1  -1 -1 -1 -1  -1  -1 1  -1 -1  -1 -1 -1  -1
098.jpg -1  -1  -1 -1 -1 -1 -1 -1 1 -1 -1  -1 -1 -1 -1 1 -1 -1  -1  -1 -1  -1 -1 -1  1 -1 -1  -1 -1 -1 -1  -1  -1 1  -1 -1  -1 -1 -1  -1
099.jpg -1  -1  -1 -1 -1 -1 -1 -1 1 -1 -1  -1 -1 -1 -1 1 -1 -1  -1  -1 -1  -1 -1 -1  1 -1 -1  -1 -1 -1 -1  -1  -1 1  -1 -1  -1 -1 -1  -1
100.jpg -1  -1  -1 -1 -1 -1 -1 -1 1 -1 -1  -1 -1 -1 -1 1 -1 -1  -1  -1 -1  -1 -1 -1  1 -1 -1  -1 -1 -1 -1  -1  -1 1  -1 -1  -1 -1 -1  -1
101.jpg -1  -1  -1 -1 -1 -1 -1 -1 1 -1 -1  -1 -1 -1 -1 1 -1 -1  -1  -1 -1  -1 -1 -1  1 -1 -1  -1 -1 -1 -1  -1  -1 1  -1 -1  -1 -1 -1  -1
102.jpg -1  -1  -1 -1 -1 -1 -1 -1 1 -1 -1  -1 -1 -1 -1 1 -1 -1  -1  -1 -1  -1 -1 -1  1 -1 -1  -1 -1 -1 -1  -1  -1 1  -1 -1  -1 -1 -1  -1
103.jpg -1  -1  -1 -1 -1 -1 -1 -1 1 -1 -1  -1 -1 -1 -1 1 -1 -1  -1  -1 -1  -1 -1 -1  1 -1 -1  -1 -1 -1 -1  -1  -1 1  -1 -1  -1 -1 -1  -1
104.jpg -1  -1  -1 -1 -1 -1 -1 -1 1 -1 -1  -1 -1 -1 -1 1 -1 -1  -1  -1 -1  -1 -1 -1  1 -1 -1  -1 -1 -1 -1  -1  -1 1  -1 -1  -1 -1 -1  -1
105.jpg -1  -1  -1 -1 -1 -1 -1 -1 1 -1 -1  -1 -1 -1 -1 1 -1 -1  -1  -1 -1  -1 -1 -1  1 -1 -1  -1 -1 -1 -1  -1  -1 1  -1 -1  -1 -1 -1  -1
106.jpg -1  -1  -1 -1 -1 -1 -1 -1 1 -1 -1  -1 -1 -1 -1 1 -1 -1  -1  -1 -1  -1 -1 -1  1 -1 -1  -1 -1 -1 -1  -1  -1 1  -1 -1  -1 -1 -1  -1
107.jpg -1  -1  -1 -1 -1 -1 -1 -1 1 -1 -1  -1 -1 -1 -1 1 -1 -1  -1  -1 -1  -1 -1 -1  1 -1 -1  -1 -1 -1 -1  -1  -1 1  -1 -1  -1 -1 -1  -1
108.jpg -1  -1  -1 -1 -1 -1 -1 -1 1 -1 -1  -1 -1 -1 -1 1 -1 -1  -1  -1 -1  -1 -1 -1  1 -1 -1  -1 -1 -1 -1  -1  -1 1  -1 -1  -1 -1 -1  -1
109.jpg -1  -1  -1 -1 -1 -1 -1 -1 1 -1 -1  -1 -1 -1 -1 1 -1 -1  -1  -1 -1  -1 -1 -1  1 -1 -1  -1 -1 -1 -1  -1  -1 1  -1 -1  -1 -1 -1  -1
110.jpg -1  -1  -1 -1 -1 -1 -1 -1 1 -1 -1  -1 -1 -1 -1 1 -1 -1  -1  -1 -1  -1 -1 -1  1 -1 -1  -1 -1 -1 -1  -1  -1 1  -1 -1  -1 -1 -1  -1
111.jpg -1  -1  -1 -1 -1 -1 -1 -1 1 -1 -1  -1 -1 -1 -1 1 -1 -1  -1  -1 -1  -1 -1 -1  1 -1 -1  -1 -1 -1 -1  -1  -1 1  -1 -1  -1 -1 -1  -1
112.jpg -1  -1  -1 -1 -1 -1 -1 -1 1 -1 -1  -1 -1 -1 -1 1 -1 -1  -1  -1 -1  -1 -1 -1  1 -1 -1  -1 -1 -1 -1  -1  -1 1  -1 -1  -1 -1 -1  -1
113.jpg -1  -1  -1 -1 -1 -1 -1 -1 1 -1 -1  -1 -1 -1 -1 1 -1 -1  -1  -1 -1  -1 -1 -1  1 -1 -1  -1 -1 -1 -1  -1  -1 1  -1 -1  -1 -1 -1  -1
114.jpg -1  -1  -1 -1 -1 -1 -1 -1 1 -1 -1  -1 -1 -1 -1 1 -1 -1  -1  -1 -1  -1 -1 -1  1 -1 -1  -1 -1 -1 -1  -1  -1 1  -1 -1  -1 -1 -1  -1
115.jpg -1  -1  -1 -1 -1 -1 -1 -1 1 -1 -1  -1 -1 -1 -1 1 -1 -1  -1  -1 -1  -1 -1 -1  1 -1 -1  -1 -1 -1 -1  -1  -1 1  -1 -1  -1 -1 -1  -1
116.jpg -1  -1  -1 -1 -1 -1 -1 -1 1 -1 -1  -1 -1 -1 -1 1 -1 -1  -1  -1 -1  -1 -1 -1  1 -1 -1  -1 -1 -1 -1  -1  -1 1  -1 -1  -1 -1 -1  -1
117.jpg -1  -1  -1 -1 -1 -1 -1 -1 1 -1 -1  -1 -1 -1 -1 1 -1 -1  -1  -1 -1  -1 -1 -1  1 -1 -1  -1 -1 -1 -1  -1  -1 1  -1 -1  -1 -1 -1  -1
118.jpg -1  -1  -1 -1 -1 -1 -1 -1 1 -1 -1  -1 -1 -1 -1 1 -1 -1  -1  -1 -1  -1 -1 -1  1 -1 -1  -1 -1 -1 -1  -1  -1 1  -1 -1  -1 -1 -1  -1
119.jpg -1  -1  -1 -1 -1 -1 -1 -1 1 -1 -1  -1 -1 -1 -1 1 -1 -1  -1  -1 -1  -1 -1 -1  1 -1 -1  -1 -1 -1 -1  -1  -1 1  -1 -1  -1 -1 -1  -1
120.jpg -1  -1  -1 -1 -1 -1 -1 -1 1 -1 -1  -1 -1 -1 -1 1 -1 -1  -1  -1 -1  -1 -1 -1  1 -1 -1  -1 -1 -1 -1  -1  -1 1  -1 -1  -1 -1 -1  -1
121.jpg -1  -1  -1 -1 -1 -1 -1 -1 1 -1 -1  -1 -1 -1 -1 1 -1 -1  -1  -1 -1  -1 -1 -1  1 -1 -1  -1 -1 -1 -1  -1  -1 1  -1 -1  -1 -1 -1  -1
122.jpg -1  -1  -1 -1 -1 -1 -1 -1 1 -1 -1  -1 -1 -1 -1 1 -1 -1  -1  -1 -1  -1 -1 -1  1 -1 -1  -1 -1 -1 -1  -1  -1 1  -1 -1  -1 -1 -1  -1
123.jpg -1  -1  -1 -1 -1 -1 -1 -1 1 -1 -1  -1 -1 -1 -1 1 -1 -1  -1  -1 -1  -1 -1 -1  1 -1 -1  -1 -1 -1 -1  -1  -1 1  -1 -1  -1 -1 -1  -1
124.jpg -1  -1  -1 -1 -1 -1 -1 -1 1 -1 -1  -1 -1 -1 -1 1 -1 -1  -1  -1 -1  -1 -1 -1  1 -1 -1  -1 -1 -1 -1  -1  -1 1  -1 -1  -1 -1 -1  -1
125.jpg -1  -1  -1 -1 -1 -1 -1 -1 1 -1 -1  -1 -1 -1 -1 1 -1 -1  -1  -1 -1  -1 -1 -1  1 -1 -1  -1 -1 -1 -1  -1  -1 1  -1 -1  -1 -1 -1  -1
126.jpg -1  -1  -1 -1 -1 -1 -1 -1 1 -1 -1  -1 -1 -1 -1 1 -1 -1  -1  -1 -1  -1 -1 -1  1 -1 -1  -1 -1 -1 -1  -1  -1 1  -1 -1  -1 -1 -1  -1
127.jpg -1  -1  -1 -1 -1 -1 -1 -1 1 -1 -1  -1 -1 -1 -1 1 -1 -1  -1  -1 -1  -1 -1 -1  1 -1 -1  -1 -1 -1 -1  -1  -1 1  -1 -1  -1 -1 -1  -1
128.jpg -1  -1  -1 -1 -1 -1 -1 -1 1 -1 -1  -1 -1 -1 -1 1 -1 -1  -1  -1 -1  -1 -1 -1  1 -1 -1  -1 -1 -1 -1  -1  -1 1  -1 -1  -1 -1 -1  -1
129.jpg -1  -1  -1 -1 -1 -1 -1 -1 1 -1 -1  -1 -1 -1 -1 1 -1 -1  -1  -1 -1  -1 -1 -1  1 -1 -1  -1 -1 -1 -1  -1  -1 1  -1 -1  -1 -1 -1  -1
130.jpg -1  -1  -1 -1 -1 -1 -1 -1 1 -1 -1  -1 -1 -1 -1 1 -1 -1  -1  -1 -1  -1 -1 -1  1 -1 -1  -1 -1 -1 -1  -1  -1 1  -1 -1  -1 -1 -1  -1
131.jpg -1  -1  -1 -1 -1 -1 -1 -1 1 -1 -1  -1 -1 -1 -1 1 -1 -1  -1  -1 -1  -1 -1 -1  1 -1 -1  -1 -1 -1 -1  -1  -1 1  -1 -1  -1 -1 -1  -1
132.jpg -1  -1  -1 -1 -1 -1 -1 -1 1 -1 -1  -1 -1 -1 -1 1 -1 -1  -1  -1 -1  -1 -1 -1  1 -1 -1  -1 -1 -1 -1  -1  -1 1  -1 -1  -1 -1 -1  -1
133.jpg -1  -1  -1 -1 -1 -1 -1 -1 1 -1 -1  -1 -1 -1 -1 1 -1 -1  -1  -1 -1  -1 -1 -1  1 -1 -1  -1 -1 -1 -1  -1  -1 1  -1 -1  -1 -1 -1  -1
134.jpg -1  -1  -1 -1 -1 -1 -1 -1 1 -1 -1  -1 -1 -1 -1 1 -1 -1  -1  -1 -1  -1 -1 -1  1 -1 -1  -1 -1 -1 -1  -1  -1 1  -1 -1  -1 -1 -1  -1
135.jpg -1  -1  -1 -1 -1 -1 -1 -1 1 -1 -1  -1 -1 -1 -1 1 -1 -1  -1  -1 -1  -1 -1 -1  1 -1 -1  -1 -1 -1 -1  -1  -1 1  -1 -1  -1 -1 -1  -1
136.jpg -1  -1  -1 -1 -1 -1 -1 -1 1 -1 -1  -1 -1 -1 -1 1 -1 -1  -1  -1 -1  -1 -1 -1  1 -1 -1  -1 -1 -1 -1  -1  -1 1  -1 -1  -1 -1 -1  -1
137.jpg -1  -1  -1 -1 -1 -1 -1 -1 1 -1 -1  -1 -1 -1 -1 1 -1 -1  -1  -1 -1  -1 -1 -1  1 -1 -1  -1 -1 -1 -1  -1  -1 1  -1 -1  -1 -1 -1  -1
138.jpg -1  -1  -1 -1 -1 -1 -1 -1 1 -1 -1  -1 -1 -1 -1 1 -1 -1  -1  -1 -1  -1 -1 -1  1 -1 -1  -1 -1 -1 -1  -1  -1 1  -1 -1  -1 -1 -1  -1
139.jpg -1  -1  -1 -1 -1 -1 -1 -1 1 -1 -1  -1 -1 -1 -1 1 -1 -1  -1  -1 -1  -1 -1 -1  1 -1 -1  -1 -1 -1 -1  -1  -1 1  -1 -1  -1 -1 -1  -1
140.jpg -1  -1  -1 -1 -1 -1 -1 -1 1 -1 -1  -1 -1 -1 -1 1 -1 -1  -1  -1 -1  -1 -1 -1  1 -1 -1  -1 -1 -1 -1  -1  -1 1  -1 -1  -1 -1 -1  -1
141.jpg -1  -1  -1 -1 -1 -1 -1 -1 1 -1 -1  -1 -1 -1 -1 1 -1 -1  -1  -1 -1  -1 -1 -1  1 -1 -1  -1 -1 -1 -1  -1  -1 1  -1 -1  -1 -1 -1  -1
142.jpg -1  -1  -1 -1 -1 -1 -1 -1 1 -1 -1  -1 -1 -1 -1 1 -1 -1  -1  -1 -1  -1 -1 -1  1 -1 -1  -1 -1 -1 -1  -1  -1 1  -1 -1  -1 -1 -1  -1
143.jpg -1  -1  -1 -1 -1 -1 -1 -1 1 -1 -1  -1 -1 -1 -1 1 -1 -1  -1  -1 -1  -1 -1 -1  1 -1 -1  -1 -1 -1 -1  -1  -1 1  -1 -1  -1 -1 -1  -1
144.jpg -1  -1  -1 -1 -1 -1 -1 -1 1 -1 -1  -1 -1 -1 -1 1 -1 -1  -1  -1 -1  -1 -1 -1  1 -1 -1  -1 -1 -1 -1  -1  -1 1  -1 -1  -1 -1 -1  -1
145.jpg -1  -1  -1 -1 -1 -1 -1 -1 1 -1 -1  -1 -1 -1 -1 1 -1 -1  -1  -1 -1  -1 -1 -1  1 -1 -1  -1 -1 -1 -1  -1  -1 1  -1 -1  -1 -1 -1  -1
146.jpg -1  -1  -1 -1 -1 -1 -1 -1 1 -1 -1  -1 -1 -1 -1 1 -1 -1  -1  -1 -1  -1 -1 -1  1 -1 -1  -1 -1 -1 -1  -1  -1 1  -1 -1  -1 -1 -1  -1
147.jpg -1  -1  -1 -1 -1 -1 -1 -1 1 -1 -1  -1 -1 -1 -1 1 -1 -1  -1  -1 -1  -1 -1 -1  1 -1 -1  -1 -1 -1 -1  -1  -1 1  -1 -1  -1 -1 -1  -1
148.jpg -1  -1  -1 -1 -1 -1 -1 -1 1 -1 -1  -1 -1 -1 -1 1 -1 -1  -1  -1 -1  -1 -1 -1  1 -1 -1  -1 -1 -1 -1  -1  -1 1  -1 -1  -1 -1 -1  -1
149.jpg -1  -1  -1 -1 -1 -1 -1 -1 1 -1 -1  -1 -1 -1 -1 1 -1 -1  -1  -1 -1  -1 -1 -1  1 -1 -1  -1 -1 -1 -1  -1  -1 1  -1 -1  -1 -1 -1  -1
150.jpg -1  -1  -1 -1 -1 -1 -1 -1 1 -1 -1  -1 -1 -1 -1 1 -1 -1  -1  -1 -1  -1 -1 -1  1 -1 -1  -1 -1 -1 -1  -1  -1 1  -1 -1  -1 -1 -1  -1
151.jpg -1  -1  -1 -1 -1 -1 -1 -1 1 -1 -1  -1 -1 -1 -1 1 -1 -1  -1  -1 -1  -1 -1 -1  1 -1 -1  -1 -1 -1 -1  -1  -1 1  -1 -1  -1 -1 -1  -1
152.jpg -1  -1  -1 -1 -1 -1 -1 -1 1 -1 -1  -1 -1 -1 -1 1 -1 -1  -1  -1 -1  -1 -1 -1  1 -1 -1  -1 -1 -1 -1  -1  -1 1  -1 -1  -1 -1 -1  -1
153.jpg -1  -1  -1 -1 -1 -1 -1 -1 1 -1 -1  -1 -1 -1 -1 1 -1 -1  -1  -1 -1  -1 -1 -1  1 -1 -1  -1 -1 -1 -1  -1  -1 1  -1 -1  -1 -1 -1  -1
154.jpg -1  -1  -1 -1 -1 -1 -1 -1 1 -1 -1  -1 -1 -1 -1 1 -1 -1  -1  -1 -1  -1 -1 -1  1 -1 -1  -1 -1 -1 -1  -1  -1 1  -1 -1  -1 -1 -1  -1
155.jpg -1  -1  -1 -1 -1 -1 -1 -1 1 -1 -1  -1 -1 -1 -1 1 -1 -1  -1  -1 -1  -1 -1 -1  1 -1 -1  -1 -1 -1 -1  -1  -1 1  -1 -1  -1 -1 -1  -1
156.jpg -1  -1  -1 -1 -1 -1 -1 -1 1 -1 -1  -1 -1 -1 -1 1 -1 -1  -1  -1 -1  -1 -1 -1  1 -1 -1  -1 -1 -1 -1  -1  -1 1  -1 -1  -1 -1 -1  -1
157.jpg -1  -1  -1 -1 -1 -1 -1 -1 1 -1 -1  -1 -1 -1 -1 1 -1 -1  -1  -1 -1  -1 -1 -1  1 -1 -1  -1 -1 -1 -1  -1  -1 1  -1 -1  -1 -1 -1  -1
158.jpg -1  -1  -1 -1 -1 -1 -1 -1 1 -1 -1  -1 -1 -1 -1 1 -1 -1  -1  -1 -1  -1 -1 -1  1 -1 -1  -1 -1 -1 -1  -1  -1 1  -1 -1  -1 -1 -1  -1
159.jpg -1  -1  -1 -1 -1 -1 -1 -1 1 -1 -1  -1 -1 -1 -1 1 -1 -1  -1  -1 -1  -1 -1 -1  1 -1 -1  -1 -1 -1 -1  -1  -1 1  -1 -1  -1 -1 -1  -1
160.jpg -1  -1  -1 -1 -1 -1 -1 -1 1 -1 -1  -1 -1 -1 -1 1 -1 -1  -1  -1 -1  -1 -1 -1  1 -1 -1  -1 -1 -1 -1  -1  -1 1  -1 -1  -1 -1 -1  -1
161.jpg -1  -1  -1 -1 -1 -1 -1 -1 1 -1 -1  -1 -1 -1 -1 1 -1 -1  -1  -1 -1  -1 -1 -1  1 -1 -1  -1 -1 -1 -1  -1  -1 1  -1 -1  -1 -1 -1  -1
162.jpg -1  -1  -1 -1 -1 -1 -1 -1 1 -1 -1  -1 -1 -1 -1 1 -1 -1  -1  -1 -1  -1 -1 -1  1 -1 -1  -1 -1 -1 -1  -1  -1 1  -1 -1  -1 -1 -1  -1
163.jpg -1  -1  -1 -1 -1 -1 -1 -1 1 -1 -1  -1 -1 -1 -1 1 -1 -1  -1  -1 -1  -1 -1 -1  1 -1 -1  -1 -1 -1 -1  -1  -1 1  -1 -1  -1 -1 -1  -1
164.jpg -1  -1  -1 -1 -1 -1 -1 -1 1 -1 -1  -1 -1 -1 -1 1 -1 -1  -1  -1 -1  -1 -1 -1  1 -1 -1  -1 -1 -1 -1  -1  -1 1  -1 -1  -1 -1 -1  -1
165.jpg -1  -1  -1 -1 -1 -1 -1 -1 1 -1 -1  -1 -1 -1 -1 1 -1 -1  -1  -1 -1  -1 -1 -1  1 -1 -1  -1 -1 -1 -1  -1  -1 1  -1 -1  -1 -1 -1  -1
166.jpg -1  -1  -1 -1 -1 -1 -1 -1 1 -1 -1  -1 -1 -1 -1 1 -1 -1  -1  -1 -1  -1 -1 -1  1 -1 -1  -1 -1 -1 -1  -1  -1 1  -1 -1  -1 -1 -1  -1
167.jpg -1  -1  -1 -1 -1 -1 -1 -1 1 -1 -1  -1 -1 -1 -1 1 -1 -1  -1  -1 -1  -1 -1 -1  1 -1 -1  -1 -1 -1 -1  -1  -1 1  -1 -1  -1 -1 -1  -1
168.jpg -1  -1  -1 -1 -1 -1 -1 -1 1 -1 -1  -1 -1 -1 -1 1 -1 -1  -1  -1 -1  -1 -1 -1  1 -1 -1  -1 -1 -1 -1  -1  -1 1  -1 -1  -1 -1 -1  -1
169.jpg -1  -1  -1 -1 -1 -1 -1 -1 1 -1 -1  -1 -1 -1 -1 1 -1 -1  -1  -1 -1  -1 -1 -1  1 -1 -1  -1 -1 -1 -1  -1  -1 1  -1 -1  -1 -1 -1  -1
170.jpg -1  -1  -1 -1 -1 -1 -1 -1 1 -1 -1  -1 -1 -1 -1 1 -1 -1  -1  -1 -1  -1 -1 -1  1 -1 -1  -1 -1 -1 -1  -1  -1 1  -1 -1  -1 -1 -1  -1
171.jpg -1  -1  -1 -1 -1 -1 -1 -1 1 -1 -1  -1 -1 -1 -1 1 -1 -1  -1  -1 -1  -1 -1 -1  1 -1 -1  -1 -1 -1 -1  -1  -1 1  -1 -1  -1 -1 -1  -1
172.jpg -1  -1  -1 -1 -1 -1 -1 -1 1 -1 -1  -1 -1 -1 -1 1 -1 -1  -1  -1 -1  -1 -1 -1  1 -1 -1  -1 -1 -1 -1  -1  -1 1  -1 -1  -1 -1 -1  -1
173.jpg -1  -1  -1 -1 -1 -1 -1 -1 1 -1 -1  -1 -1 -1 -1 1 -1 -1  -1  -1 -1  -1 -1 -1  1 -1 -1  -1 -1 -1 -1  -1  -1 1  -1 -1  -1 -1 -1  -1
174.jpg -1  -1  -1 -1 -1 -1 -1 -1 1 -1 -1  -1 -1 -1 -1 1 -1 -1  -1  -1 -1  -1 -1 -1  1 -1 -1  -1 -1 -1 -1  -1  -1 1  -1 -1  -1 -1 -1  -1
175.jpg -1  -1  -1 -1 -1 -1 -1 -1 1 -1 -1  -1 -1 -1 -1 1 -1 -1  -1  -1 -1  -1 -1 -1  1 -1 -1  -1 -1 -1 -1  -1  -1 1  -1 -1  -1 -1 -1  -1
176.jpg -1  -1  -1 -1 -1 -1 -1 -1 1 -1 -1  -1 -1 -1 -1 1 -1 -1  -1  -1 -1  -1 -1 -1  1 -1 -1  -1 -1 -1 -1  -1  -1 1  -1 -1  -1 -1 -1  -1
177.jpg -1  -1  -1 -1 -1 -1 -1 -1 1 -1 -1  -1 -1 -1 -1 1 -1 -1  -1  -1 -1  -1 -1 -1  1 -1 -1  -1 -1 -1 -1  -1  -1 1  -1 -1  -1 -1 -1  -1
178.jpg -1  -1  -1 -1 -1 -1 -1 -1 1 -1 -1  -1 -1 -1 -1 1 -1 -1  -1  -1 -1  -1 -1 -1  1 -1 -1  -1 -1 -1 -1  -1  -1 1  -1 -1  -1 -1 -1  -1
179.jpg -1  -1  -1 -1 -1 -1 -1 -1 1 -1 -1  -1 -1 -1 -1 1 -1 -1  -1  -1 -1  -1 -1 -1  1 -1 -1  -1 -1 -1 -1  -1  -1 1  -1 -1  -1 -1 -1  -1
180.jpg -1  -1  -1 -1 -1 -1 -1 -1 1 -1 -1  -1 -1 -1 -1 1 -1 -1  -1  -1 -1  -1 -1 -1  1 -1 -1  -1 -1 -1 -1  -1  -1 1  -1 -1  -1 -1 -1  -1
181.jpg -1  -1  -1 -1 -1 -1 -1 -1 1 -1 -1  -1 -1 -1 -1 1 -1 -1  -1  -1 -1  -1 -1 -1  1 -1 -1  -1 -1 -1 -1  -1  -1 1  -1 -1  -1 -1 -1  -1
182.jpg -1  -1  -1 -1 -1 -1 -1 -1 1 -1 -1  -1 -1 -1 -1 1 -1 -1  -1  -1 -1  -1 -1 -1  1 -1 -1  -1 -1 -1 -1  -1  -1 1  -1 -1  -1 -1 -1  -1
183.jpg -1  -1  -1 -1 -1 -1 -1 -1 1 -1 -1  -1 -1 -1 -1 1 -1 -1  -1  -1 -1  -1 -1 -1  1 -1 -1  -1 -1 -1 -1  -1  -1 1  -1 -1  -1 -1 -1  -1
184.jpg -1  -1  -1 -1 -1 -1 -1 -1 1 -1 -1  -1 -1 -1 -1 1 -1 -1  -1  -1 -1  -1 -1 -1  1 -1 -1  -1 -1 -1 -1  -1  -1 1  -1 -1  -1 -1 -1  -1
185.jpg -1  -1  -1 -1 -1 -1 -1 -1 1 -1 -1  -1 -1 -1 -1 1 -1 -1  -1  -1 -1  -1 -1 -1  1 -1 -1  -1 -1 -1 -1  -1  -1 1  -1 -1  -1 -1 -1  -1
186.jpg -1  -1  -1 -1 -1 -1 -1 -1 1 -1 -1  -1 -1 -1 -1 1 -1 -1  -1  -1 -1  -1 -1 -1  1 -1 -1  -1 -1 -1 -1  -1  -1 1  -1 -1  -1 -1 -1  -1
187.jpg -1  -1  -1 -1 -1 -1 -1 -1 1 -1 -1  -1 -1 -1 -1 1 -1 -1  -1  -1 -1  -1 -1 -1  1 -1 -1  -1 -1 -1 -1  -1  -1 1  -1 -1  -1 -1 -1  -1
188.jpg -1  -1  -1 -1 -1 -1 -1 -1 1 -1 -1  -1 -1 -1 -1 1 -1 -1  -1  -1 -1  -1 -1 -1  1 -1 -1  -1 -1 -1 -1  -1  -1 1  -1 -1  -1 -1 -1  -1
189.jpg -1  -1  -1 -1 -1 -1 -1 -1 1 -1 -1  -1 -1 -1 -1 1 -1 -1  -1  -1 -1  -1 -1 -1  1 -1 -1  -1 -1 -1 -1  -1  -1 1  -1 -1  -1 -1 -1  -1
190.jpg -1  -1  -1 -1 -1 -1 -1 -1 1 -1 -1  -1 -1 -1 -1 1 -1 -1  -1  -1 -1  -1 -1 -1  1 -1 -1  -1 -1 -1 -1  -1  -1 1  -1 -1  -1 -1 -1  -1
191.jpg -1  -1  -1 -1 -1 -1 -1 -1 1 -1 -1  -1 -1 -1 -1 1 -1 -1  -1  -1 -1  -1 -1 -1  1 -1 -1  -1 -1 -1 -1  -1  -1 1  -1 -1  -1 -1 -1  -1
192.jpg -1  -1  -1 -1 -1 -1 -1 -1 1 -1 -1  -1 -1 -1 -1 1 -1 -1  -1  -1 -1  -1 -1 -1  1 -1 -1  -1 -1 -1 -1  -1  -1 1  -1 -1  -1 -1 -1  -1
193.jpg -1  -1  -1 -1 -1 -1 -1 -1 1 -1 -1  -1 -1 -1 -1 1 -1 -1  -1  -1 -1  -1 -1 -1  1 -1 -1  -1 -1 -1 -1  -1  -1 1  -1 -1  -1 -1 -1  -1
194.jpg -1  -1  -1 -1 -1 -1 -1 -1 1 -1 -1  -1 -1 -1 -1 1 -1 -1  -1  -1 -1  -1 -1 -1  1 -1 -1  -1 -1 -1 -1  -1  -1 1  -1 -1  -1 -1 -1  -1
195.jpg -1  -1  -1 -1 -1 -1 -1 -1 1 -1 -1  -1 -1 -1 -1 1 -1 -1  -1  -1 -1  -1 -1 -1  1 -1 -1  -1 -1 -1 -1  -1  -1 1  -1 -1  -1 -1 -1  -1
196.jpg -1  -1  -1 -1 -1 -1 -1 -1 1 -1 -1  -1 -1 -1 -1 1 -1 -1  -1  -1 -1  -1 -1 -1  1 -1 -1  -1 -1 -1 -1  -1  -1 1  -1 -1  -1 -1 -1  -1
197.jpg -1  -1  -1 -1 -1 -1 -1 -1 1 -1 -1  -1 -1 -1 -1 1 -1 -1  -1  -1 -1  -1 -1 -1  1 -1 -1  -1 -1 -1 -1  -1  -1 1  -1 -1  -1 -1 -1  -1
198.jpg -1  -1  -1 -1 -1 -1 -1 -1 1 -1 -1  -1 -1 -1 -1 1 -1 -1  -1  -1 -1  -1 -1 -1  1 -1 -1  -1 -1 -1 -1  -1  -1 1  -1 -1  -1 -1 -1  -1
199.jpg -1  -1  -1 -1 -1 -1 -1 -1 1 -1 -1  -1 -1 -1 -1 1 -1 -1  -1  -1 -1  -1 -1 -1  1 -1 -1  -1 -1 -1 -1  -1  -1 1  -1 -1  -1 -1 -1  -1
200.jpg -1  -1  -1 -1 -1 -1 -1 -1 1 -1 -1  -1 -1 -1 -1 1 -1 -1  -1  -1 -1  -1 -1 -1  1 -1 -1  -1 -1 -1 -1  -1  -1 1  -1 -1  -1 -1 -1  -1